syhsrfyhtdt
bcygfigiwrh
6.5133
4.0794
4.3362
8.1062
6.5522
10.1615
1.4544
7.5422
5.7320
1.0515
3.7041
5.2336
3.0968
9.4996
10.1281
7.3155
7.9778
6.2275
1.3811
1.4980
3.5146
2.0114
8.6382
6.9303
3.3115
6.2561
10.2099
7.9513
8.8821
9.5979
4.3832
4.9185
2.3375
1.7488
2.6411
4.2507
2.4643
8.6753
8.7286
1.9887
6.8535
2.7282
9.0658
2.9811
7.5656
9.5487
7.5359
3.4286
1.7376
3.2448
5.9915
8.7782
9.7417
10.7643
6.9253
5.5019
6.4413
8.4059
5.7947
1.2961
10.9516
4.5031
9.6601
7.1340
7.6683
9.7856
3.8961
2.3480
7.8585
6.8774
5.8512
10.3025
8.4989
10.3924
5.6445
1.7864
3.9456
6.6571
10.3647
4.7628
9.7202
7.7813
7.2137
6.6373
4.6064
6.6050
6.1768
2.5732
5.8235
8.1392
8.8094
5.0584
3.8806
8.4325
2.0371
3.3504
4.0681
2.9318
6.3128
8.7800
6.6525
52
56
49
74
57
3
94
52
52
16
98
81
11
16
32
73
31
26
11
37
14
66
98
81
8
65
1
84
23
78
11
4
16
82
36
13
14
83
80
54
59
65
97
56
81
61
19
59
79
51
1
95
43
42
44
87
59
68
67
93
3
10
29
75
6
95
65
30
81
20
60
48
47
58
78
49
69
42
1
48
46
43
5
73
77
17
61
75
38
49
54
46
17
87
52
49
37
23
51
86
96
